49.01 50.66 
51.75 48.84 
50.49 49.94 
48.65 49.55 
48.77 52.15 
49.18 49.51 
51.19 49.33 
47.65 49.31 
50.77 49.10 
46.68 52.28 
46.89 51.05 
48.56 51.32 
48.19 51.04 
47.59 49.78 
51.18 49.55 
47.00 50.43 
50.98 48.73 
50.69 49.14 
50.31 51.30 
51.97 49.92 
51.42 51.74 
48.53 49.89 
49.53 52.94 
51.78 45.99 
49.77 48.52 
48.98 51.89 
51.93 53.04 
52.05 49.56 
50.86 52.99 
51.43 48.56 
49.66 51.17 
51.49 49.74 
51.76 49.66 
49.24 51.64 
52.57 52.49 
49.72 49.67 
49.60 50.11 
49.54 53.03 
50.91 49.95 
51.28 46.25 
60.20 50.14 
60.41 50.22 
62.00 50.78 
59.94 49.63 
61.70 49.59 
61.14 49.89 
61.74 52.44 
60.22 46.79 
58.68 50.61 
61.75 48.99 
56.23 50.61 
61.38 54.95 
61.87 50.09 
62.65 50.00 
61.35 48.96 
61.82 50.88 
62.29 50.90 
59.76 48.41 
58.86 49.62 
57.51 50.04 
60.67 47.41 
58.14 51.43 
60.32 48.08 
59.53 49.10 
58.68 51.45 
60.57 54.52 
57.95 48.56 
63.24 49.07 
60.82 55.09 
61.10 48.98 
59.23 48.17 
59.04 50.29 
60.48 49.23 
57.97 50.39 
61.26 49.69 
59.99 48.38 
59.47 50.06 
61.37 49.68 
60.88 51.82 
60.52 51.94 
56.86 57.33 
54.70 57.41 
55.42 57.77 
56.16 56.87 
56.10 58.20 
54.81 58.75 
55.07 58.73 
57.62 54.91 
55.06 56.82 
56.00 55.31 
58.13 59.47 
56.15 58.64 
55.72 59.55 
55.53 59.34 
57.65 59.59 
56.05 55.57 
53.73 58.51 
55.77 58.46 
57.06 59.62 
54.74 57.66 
54.94 61.49 
54.80 56.96 
58.28 56.73 
55.89 60.31 
56.84 57.80 
56.32 58.62 
57.77 57.88 
54.87 55.57 
55.60 58.17 
57.55 60.26 
54.75 57.01 
59.32 62.03 
55.99 54.27 
58.25 57.48 
56.24 58.61 
58.01 59.44 
57.12 57.27 
56.56 58.59 
53.68 58.40 
57.80 58.99 
50.14 61.34 
46.41 59.88 
45.89 57.65 
49.77 61.99 
48.11 57.79 
49.57 59.22 
45.35 55.46 
52.89 56.77 
47.91 60.70 
48.11 57.64 
46.75 58.55 
51.17 59.87 
44.93 61.55 
47.19 60.55 
47.96 60.06 
48.33 59.40 
46.82 60.06 
48.55 58.86 
49.96 59.18 
49.58 60.14 
46.91 61.13 
49.04 61.15 
46.36 60.76 
46.96 55.90 
46.40 59.88 
49.24 58.16 
46.61 57.57 
48.59 59.75 
45.60 58.80 
44.89 61.85 
50.36 61.01 
49.83 59.11 
47.53 58.24 
48.51 57.68 
47.25 59.80 
49.58 59.81 
49.80 57.69 
45.07 58.72 
45.12 59.23 
51.48 58.05 
39.35 54.19 
40.82 52.67 
41.07 53.10 
40.83 53.49 
40.25 53.73 
39.89 55.65 
40.40 54.96 
42.36 55.41 
42.47 52.92 
41.77 51.90 
40.48 53.57 
39.41 54.16 
39.54 56.73 
39.07 54.36 
41.40 50.52 
40.41 53.38 
40.34 50.59 
40.58 53.49 
40.21 53.95 
40.48 54.39 
40.62 54.66 
43.16 55.62 
41.35 53.58 
38.11 50.74 
40.99 56.99 
42.91 55.32 
39.71 55.38 
40.02 52.87 
42.52 56.89 
40.59 55.06 
39.37 56.48 
38.34 54.62 
39.83 53.60 
39.70 54.98 
39.94 56.14 
40.82 55.56 
41.93 53.86 
41.24 54.97 
41.43 53.67 
41.12 51.58 
39.88 47.89 
39.38 43.98 
40.86 45.05 
40.34 46.01 
42.08 43.27 
43.55 42.29 
40.28 42.17 
36.52 46.33 
40.59 43.04 
38.08 47.23 
40.46 44.78 
41.84 44.84 
40.11 46.67 
41.60 45.31 
39.16 44.76 
38.52 43.36 
41.18 45.54 
41.85 44.52 
41.76 44.48 
40.23 46.14 
38.55 47.69 
42.67 42.75 
39.98 45.86 
40.23 46.02 
43.11 45.87 
38.88 44.49 
41.13 45.19 
39.52 45.97 
39.37 44.28 
39.96 44.76 
41.31 47.34 
40.44 46.47 
40.17 48.96 
41.76 45.08 
39.25 46.67 
42.02 46.83 
39.46 44.04 
41.01 46.16 
38.34 45.13 
41.21 46.54 
47.16 43.05 
50.33 40.95 
45.73 40.22 
48.31 39.33 
48.00 39.37 
43.09 42.76 
46.67 38.29 
47.12 39.15 
44.46 40.83 
46.93 38.73 
49.39 40.27 
47.79 39.74 
46.11 40.01 
47.60 41.41 
48.80 39.66 
47.84 40.26 
48.68 37.76 
47.92 42.39 
46.79 41.21 
47.02 38.95 
47.29 42.70 
47.41 38.83 
44.22 40.12 
46.45 42.36 
46.37 37.83 
45.55 40.07 
47.71 38.44 
47.16 40.61 
48.93 40.33 
46.91 38.32 
47.02 41.14 
45.73 40.79 
48.11 40.02 
51.43 39.46 
47.15 38.38 
47.20 40.29 
48.94 38.42 
47.93 39.55 
48.47 37.24 
47.88 39.33 
57.21 43.44 
57.33 42.79 
53.37 44.68 
56.15 40.63 
58.07 42.94 
57.95 42.48 
57.68 37.93 
58.19 41.33 
55.80 42.15 
54.52 42.66 
56.42 43.71 
56.25 40.96 
54.20 41.09 
58.99 44.18 
57.55 40.47 
54.66 38.98 
57.02 41.03 
55.44 41.63 
56.67 40.85 
56.36 41.97 
57.95 42.04 
56.06 42.58 
57.83 40.12 
56.23 42.92 
56.26 42.83 
53.90 41.47 
55.20 41.61 
55.99 39.43 
55.84 41.31 
59.40 40.40 
56.78 42.93 
55.91 41.71 
54.18 43.32 
58.48 44.53 
56.41 41.40 
53.59 42.67 
52.22 43.42 
55.62 43.09 
56.96 44.70 
56.06 41.54 
83.37 48.19 
80.81 51.51 
83.06 51.09 
80.50 48.51 
82.02 50.36 
79.65 50.53 
80.64 49.44 
82.05 50.94 
79.91 49.60 
81.12 50.10 
81.48 47.29 
82.93 50.87 
81.57 53.58 
81.39 47.26 
83.11 48.26 
81.10 47.47 
83.13 50.81 
84.91 52.98 
81.35 50.64 
81.01 48.50 
82.66 48.88 
85.62 48.63 
82.35 48.49 
80.02 51.40 
81.83 48.98 
81.34 47.61 
80.65 48.74 
83.35 52.49 
82.44 52.71 
82.85 51.05 
82.28 50.56 
82.41 49.93 
82.92 48.77 
80.50 49.65 
81.13 48.35 
82.24 47.83 
82.86 48.12 
82.18 47.05 
82.51 49.90 
82.09 49.83 
71.81 73.22 
70.69 73.15 
70.32 75.36 
68.46 74.79 
71.19 76.48 
68.65 75.64 
69.76 74.34 
69.93 73.85 
69.58 74.98 
69.37 74.77 
70.84 76.38 
71.39 75.76 
70.49 74.50 
68.82 76.06 
69.74 71.09 
70.65 74.19 
66.81 74.66 
67.73 74.22 
70.65 75.55 
69.08 73.01 
71.93 73.43 
68.93 73.63 
71.02 74.11 
69.28 76.03 
70.37 71.92 
68.40 74.94 
71.02 74.88 
66.94 76.95 
68.54 75.24 
70.57 76.83 
72.00 75.20 
70.97 75.20 
69.44 77.18 
69.79 76.61 
69.61 74.01 
68.26 73.01 
71.47 74.98 
69.05 72.63 
67.04 76.70 
69.17 73.89 
44.13 82.37 
41.65 82.44 
42.34 81.89 
44.52 79.23 
43.31 81.77 
43.42 83.88 
41.65 80.33 
44.52 82.01 
43.89 82.43 
44.05 82.29 
41.99 82.88 
42.71 79.59 
45.32 82.28 
45.76 80.47 
43.07 79.54 
42.83 85.06 
40.60 80.55 
44.22 80.13 
41.99 81.41 
44.04 77.95 
42.51 80.83 
44.71 80.95 
41.88 80.56 
42.59 79.20 
44.39 80.02 
42.91 83.87 
41.24 80.77 
42.94 81.20 
43.53 81.87 
42.62 81.96 
42.29 82.26 
44.15 81.80 
43.08 80.56 
44.22 81.81 
42.34 79.64 
43.10 83.37 
44.87 82.65 
44.13 80.42 
40.52 79.81 
41.93 81.20 
22.88 64.39 
22.30 65.80 
18.16 64.31 
21.19 62.53 
21.74 66.34 
18.94 61.86 
20.95 63.86 
19.30 63.53 
19.89 66.54 
21.68 64.27 
21.09 65.15 
21.25 65.01 
21.67 65.30 
23.27 62.83 
21.90 63.96 
19.84 65.08 
23.07 62.63 
19.75 63.35 
20.19 63.35 
22.13 61.19 
20.33 62.57 
21.24 61.96 
23.05 64.75 
21.64 64.95 
22.50 62.61 
20.88 63.55 
22.46 62.32 
20.67 64.17 
21.58 63.82 
22.27 60.42 
20.26 64.67 
21.30 65.59 
20.29 68.59 
21.20 63.13 
19.19 61.16 
20.64 67.00 
18.82 61.90 
22.12 65.93 
21.17 64.97 
25.65 66.48 
19.50 33.71 
19.97 36.03 
21.39 36.11 
20.86 34.24 
19.41 34.47 
19.68 34.97 
20.81 34.35 
18.81 35.50 
21.28 38.06 
22.75 34.11 
20.31 34.92 
20.13 36.15 
21.82 35.92 
21.46 36.04 
21.44 34.55 
20.09 35.31 
20.35 35.52 
22.74 38.27 
22.01 35.41 
18.46 37.45 
24.44 35.97 
22.28 35.73 
23.66 35.77 
20.44 36.06 
22.51 34.64 
17.01 37.17 
21.23 33.46 
20.83 36.28 
24.26 34.15 
21.99 37.14 
25.08 35.27 
21.25 33.80 
18.69 35.41 
21.27 36.32 
20.61 36.19 
19.39 36.16 
22.75 36.45 
20.15 35.63 
22.06 35.11 
21.38 36.22 
41.88 18.94 
44.05 19.32 
41.09 17.74 
41.87 18.74 
40.51 21.50 
41.93 19.76 
44.29 16.37 
44.42 17.52 
41.47 16.90 
41.90 15.89 
43.69 21.47 
45.50 19.20 
45.43 18.00 
43.08 17.25 
43.12 18.49 
43.16 19.10 
41.43 18.52 
44.08 17.90 
43.61 19.27 
41.49 16.89 
45.07 20.17 
44.35 17.77 
42.81 18.31 
43.00 19.14 
44.70 19.18 
43.84 21.60 
44.19 19.63 
41.44 17.33 
43.26 18.91 
41.88 19.78 
38.62 17.07 
41.87 20.68 
43.00 18.56 
45.13 18.94 
42.67 16.26 
44.37 18.01 
43.98 19.44 
42.96 19.94 
44.90 20.07 
42.81 19.28 
69.47 20.80 
71.39 26.30 
71.82 23.74 
70.54 24.59 
69.99 27.49 
72.00 26.48 
71.50 26.84 
69.79 26.75 
69.21 24.92 
69.25 21.23 
69.89 26.78 
71.83 25.52 
71.36 24.70 
71.68 25.88 
73.72 26.24 
71.53 25.30 
69.93 25.25 
72.20 26.65 
70.02 24.60 
66.66 22.96 
71.09 27.72 
70.77 23.84 
67.34 24.60 
68.35 27.03 
68.32 25.08 
70.60 24.35 
69.18 22.55 
71.02 25.32 
70.02 26.14 
66.33 24.29 
68.34 26.70 
72.64 24.06 
71.59 22.96 
70.09 25.91 
71.85 24.42 
70.99 24.02 
71.60 22.95 
68.18 26.09 
72.05 23.28 
70.10 28.07 